butler0.jpg 480,198,1326,1044
butler1.jpg 87,45,206,164
butler2.jpg 355,1027,1539,2211
butler3.jpeg 486,177,1058,749
butler4.jpg 151,115,403,367
butler5.jpg 224,131,420,327
butler6.jpg 354,255,1040,941
butler7.jpg 110,57,279,226
butler8.jpg 584,688,1756,1860
butler9.jpg 420,397,1479,1456
butler10.jpg 211,311,741,841
butler11.jpg 192,228,581,617
butler12.jpg 154,246,655,747
butler13.jpg 537,127,857,447
butler14.jpg 200,203,650,653
butler15.jpg 169,267,619,717
butler16.jpg 347,266,689,608
butler17.jpg 175,74,369,268
butler18.jpg 98,48,212,162
butler19.jpg 116,199,951,1034
butler20.jpg 103,43,214,154
butler21.jpg 117,235,525,643
butler22.jpg 278,255,691,668
butler23.jpg 281,216,600,535
butler24.jpg 416,426,1317,1327
butler25.jpg 242,241,648,647
butler26.jpg 289,152,601,464
butler27.jpg 692,203,1290,801
butler28.jpg 284,269,795,780
butler29.jpg 334,546,1258,1470
butler30.jpg 190,130,434,374
butler31.jpg 158,58,288,188
butler32.jpg 69,105,282,318
butler33.jpg 76,399,772,1095
butler34.jpg 419,176,719,476
butler35.jpg 362,338,1131,1107
butler36.jpg 220,54,335,169
butler37.jpg 135,94,312,271
butler38.jpg 342,301,799,758
butler39.jpg 133,485,755,1107
butler40.jpg 497,512,1493,1508
butler41.jpg 527,150,846,469
butler42.jpg 256,223,568,535
butler43.jpg 121,398,770,1047
butler44.jpg 410,134,679,403
butler45.jpg 166,52,283,169
butler46.jpg 615,210,901,496
butler47.jpg 366,184,678,496
butler48.jpg 520,101,888,469
butler49.jpg 148,176,498,526
butler50.jpg 58,64,183,189
butler51.jpg 127,40,236,149
butler52.jpg 61,24,187,150
butler53.jpg 169,168,570,569
butler54.jpg 223,164,662,603
butler55.jpg 163,261,528,626
butler56.jpg 90,104,364,378
butler57.jpg 82,65,205,188
butler58.jpg 509,152,732,375
butler59.jpg 307,203,807,703
butler60.jpg 155,60,321,226
butler61.jpg 54,123,326,395
butler62.jpg 70,89,305,324
butler63.jpg 74,74,204,204
butler64.jpg 92,163,307,378
butler65.jpg 120,285,609,774
butler66.jpg 462,24,863,425
butler67.jpg 304,142,577,415
butler68.jpg 108,25,365,282
butler69.jpg 49,53,227,231
butler70.jpg 406,202,713,509
butler71.jpg 30,60,235,265
butler72.jpg 171,223,554,606
butler73.jpg 66,193,357,484
butler74.jpg 206,314,690,798
butler75.jpg 117,100,286,269
butler76.jpg 196,220,689,713
butler77.jpg 411,127,942,658
butler78.jpg 78,64,205,191
butler79.jpg 355,139,705,489
butler80.jpg 321,242,677,598
butler81.jpg 363,193,606,436
butler82.jpg 382,191,1218,1027
butler83.jpg 273,419,929,1075
butler84.jpg 23,70,149,196
butler85.jpg 59,26,164,131
butler86.jpg 141,198,356,413
butler87.jpg 198,355,758,915
butler88.jpg 14,64,132,182
butler89.jpg 379,94,1314,1029
butler90.jpg 167,56,272,161
butler91.jpg 78,90,294,306
butler92.jpg 283,146,523,386
butler93.jpg 291,148,501,358
butler94.jpg 111,188,422,499
butler95.jpg 44,78,244,278
butler96.jpg 196,123,432,359
butler97.jpg 171,270,585,684
butler98.jpg 1025,495,1916,1386
butler99.jpg 87,101,267,281
butler100.jpg 196,296,668,768
butler101.jpg 167,55,283,171
butler102.jpg 313,258,710,655
butler103.jpg 189,230,587,628
butler104.jpg 177,25,342,190
butler105.jpeg 21,61,278,318
butler106.jpg 84,61,220,197
butler107.jpg 316,188,562,434
butler108.jpg 451,112,764,425
butler109.jpg 108,74,321,287
butler110.jpg 240,284,735,779
butler111.jpg 139,99,345,305
butler112.jpg 24,80,135,191
butler113.jpg 298,167,514,383
butler114.jpg 371,25,619,273
butler115.jpg 725,324,1060,659
butler116.jpg 67,71,412,416
butler117.jpg 83,42,210,169
butler118.jpg 248,189,643,584
butler119.jpg 442,27,1311,896
butler120.jpg 463,135,846,518
butler121.jpg 84,88,251,255
butler122.jpg 79,40,244,205
butler123.jpg 318,154,610,446
butler124.jpg 72,43,183,154
butler125.jpg 355,160,620,425
butler126.jpg 247,208,611,572
butler127.jpg 29,48,151,170
butler128.jpg 154,246,655,747
butler129.jpg 251,109,540,398
butler130.jpg 44,79,243,278
butler131.jpg 146,242,684,780
butler132.jpg 850,591,2092,1833
butler133.jpg 373,125,1403,1155
butler134.jpg 128,439,767,1078
butler135.jpg 274,159,765,650
butler136.jpg 64,75,221,232
butler137.jpg 69,133,283,347
butler138.jpg 217,105,425,313
butler139.jpg 437,89,567,219
butler140.jpg 69,130,429,490
butler141.jpg 120,115,351,346
butler142.png 99,72,213,186
butler143.jpg 85,98,219,232
butler144.jpg 209,386,732,909
butler145.jpg 57,52,160,155
radcliffe0.jpg 186,282,712,808
radcliffe1.jpg 202,216,711,725
radcliffe2.jpg 215,184,721,690
radcliffe3.jpg 119,405,983,1269
radcliffe4.jpg 183,360,643,820
radcliffe5.jpg 239,60,454,275
radcliffe6.jpg 234,303,670,739
radcliffe7.jpg 102,123,653,674
radcliffe8.jpg 303,196,597,490
radcliffe9.jpg 301,197,732,628
radcliffe10.jpg 306,296,916,906
radcliffe11.jpg 545,460,1501,1416
radcliffe12.jpg 506,280,753,527
radcliffe13.jpg 246,122,441,317
radcliffe14.jpg 15,26,237,248
radcliffe15.jpg 339,278,821,760
radcliffe16.jpg 213,265,662,714
radcliffe17.jpg 326,323,926,923
radcliffe18.jpg 314,226,655,567
radcliffe19.jpg 266,128,723,585
radcliffe20.jpg 686,232,1014,560
radcliffe21.jpg 59,24,236,201
radcliffe22.jpg 173,106,331,264
radcliffe23.jpg 348,246,646,544
radcliffe24.jpg 444,752,1762,2070
radcliffe25.jpg 138,57,244,163
radcliffe26.jpg 91,130,458,497
radcliffe27.jpg 148,366,774,992
radcliffe28.jpg 414,217,896,699
radcliffe29.jpg 120,99,256,235
radcliffe30.jpg 140,191,538,589
radcliffe31.jpg 221,208,598,585
radcliffe32.jpg 483,411,1391,1319
radcliffe33.jpg 160,89,355,284
radcliffe34.jpg 86,126,289,329
radcliffe35.jpg 161,200,418,457
radcliffe36.jpg 207,58,318,169
radcliffe37.jpg 192,225,553,586
radcliffe38.jpg 379,213,802,636
radcliffe39.jpg 337,312,755,730
radcliffe40.jpg 194,179,923,908
radcliffe41.jpg 196,64,422,290
radcliffe42.jpg 102,81,256,235
radcliffe43.jpg 430,323,704,597
radcliffe44.jpg 97,53,256,212
radcliffe45.jpg 148,121,493,466
radcliffe46.jpg 300,54,777,531
radcliffe47.jpg 55,96,250,291
radcliffe48.jpg 217,213,559,555
radcliffe49.jpg 221,240,519,538
radcliffe50.jpg 115,152,909,946
radcliffe51.jpg 262,340,764,842
radcliffe52.png 305,74,664,433
radcliffe53.jpg 57,62,181,186
radcliffe54.jpg 104,23,572,491
radcliffe55.jpg 625,649,1188,1212
radcliffe56.jpg 156,100,337,281
radcliffe57.jpg 237,331,863,957
radcliffe58.jpeg 542,245,1009,712
radcliffe59.jpg 1338,302,1990,954
radcliffe60.jpg 250,190,548,488
radcliffe61.jpg 158,499,948,1289
radcliffe62.jpg 48,87,166,205
radcliffe63.jpg 116,82,245,211
radcliffe64.jpg 284,339,864,919
radcliffe65.jpg 455,162,741,448
radcliffe66.jpg 154,157,359,362
radcliffe67.jpg 317,34,478,195
radcliffe68.jpg 365,100,568,303
radcliffe69.jpg 218,101,435,318
radcliffe70.jpg 60,92,272,304
radcliffe71.jpg 152,46,261,155
radcliffe72.jpg 321,161,658,498
radcliffe73.jpg 1110,401,1434,725
radcliffe74.jpg 421,207,754,540
radcliffe75.jpg 592,431,1347,1186
radcliffe76.jpg 359,388,1269,1298
radcliffe77.jpg 90,114,661,685
radcliffe78.jpg 51,128,323,400
radcliffe79.jpg 679,225,1021,567
radcliffe80.jpg 660,325,1169,834
radcliffe81.jpg 247,192,586,531
radcliffe82.jpg 88,104,302,318
radcliffe83.jpg 175,113,310,248
radcliffe84.jpg 401,264,748,611
radcliffe85.jpg 232,201,513,482
radcliffe86.jpg 351,512,1367,1528
radcliffe87.jpg 189,75,299,185
radcliffe88.jpg 501,144,761,404
radcliffe89.jpg 128,272,654,798
radcliffe90.jpg 394,115,507,228
radcliffe91.jpg 125,78,349,302
radcliffe92.jpg 95,59,203,167
radcliffe93.jpg 95,306,694,905
radcliffe94.jpg 125,137,463,475
radcliffe95.jpg 679,225,1021,567
radcliffe96.jpg 68,206,415,553
radcliffe97.jpg 117,34,325,242
radcliffe98.jpg 235,311,748,824
radcliffe99.jpeg 93,116,268,291
radcliffe100.jpg 266,128,723,585
radcliffe101.jpg 630,267,1005,642
radcliffe102.jpg 110,103,256,249
radcliffe103.jpg 285,118,680,513
radcliffe104.jpg 270,81,467,278
radcliffe105.jpg 165,189,329,353
radcliffe106.jpg 195,259,560,624
radcliffe107.jpg 240,114,491,365
radcliffe108.jpg 80,65,211,196
radcliffe109.jpg 140,46,251,157
radcliffe110.jpg 128,260,603,735
radcliffe111.jpg 332,374,907,949
radcliffe112.jpeg 124,80,346,302
radcliffe113.jpg 135,269,476,610
radcliffe114.jpg 293,219,787,713
radcliffe115.jpg 112,104,307,299
radcliffe116.jpg 204,322,729,847
radcliffe117.jpg 235,32,439,236
radcliffe118.jpg 197,19,327,149
radcliffe119.jpg 76,64,228,216
radcliffe120.jpg 116,67,241,192
radcliffe121.jpg 534,157,839,462
radcliffe122.jpg 88,86,223,221
radcliffe123.jpg 124,75,243,194
radcliffe124.jpg 148,155,405,412
radcliffe125.jpg 69,103,272,306
radcliffe126.jpg 109,97,381,369
radcliffe127.jpg 129,68,289,228
radcliffe128.jpg 349,167,501,319
radcliffe129.jpg 67,31,170,134
radcliffe130.jpg 146,72,282,208
radcliffe131.jpg 245,182,607,544
radcliffe132.jpg 352,94,487,229
radcliffe133.jpg 78,31,192,145
radcliffe134.jpg 427,182,586,341
radcliffe135.jpg 178,60,386,268
radcliffe136.jpg 54,44,165,155
radcliffe137.jpg 132,60,328,256
radcliffe138.jpg 148,84,313,249
radcliffe139.jpg 67,130,232,295
radcliffe140.jpg 67,75,382,390
radcliffe141.jpg 151,10,339,198
radcliffe142.jpg 259,214,641,596
radcliffe143.jpg 106,72,220,186
radcliffe144.jpg 249,95,488,334
radcliffe145.jpg 177,42,303,168
radcliffe146.jpg 97,74,221,198
radcliffe147.jpg 190,39,298,147
radcliffe148.jpg 155,190,448,483
radcliffe149.jpg 124,55,252,183
vartan0.jpg 51,66,187,202
vartan1.JPG 241,35,361,155
vartan2.jpg 468,82,666,280
vartan3.jpg 224,163,510,449
vartan4.jpg 43,93,211,261
vartan5.jpg 322,52,1296,1026
vartan6.jpg 191,224,666,699
vartan7.jpg 432,127,619,314
vartan8.jpg 173,130,401,358
vartan9.jpg 503,126,916,539
vartan10.jpg 44,39,152,147
vartan11.jpg 250,285,885,920
vartan12.jpg 670,329,1339,998
vartan13.jpg 14,38,125,149
vartan14.jpg 44,62,176,194
vartan15.jpg 246,71,374,199
vartan16.jpg 269,90,538,359
vartan17.jpg 152,203,581,632
vartan18.jpg 141,68,263,190
vartan19.jpg 16,37,203,224
vartan20.jpg 224,80,397,253
vartan21.jpg 33,32,136,135
vartan22.jpg 119,133,306,320
vartan23.jpg 104,60,226,182
vartan24.jpg 18,59,130,171
vartan25.jpg 467,153,785,471
vartan26.jpg 147,88,339,280
vartan27.jpg 144,213,481,550
vartan28.jpg 63,80,212,229
vartan29.jpg 250,136,475,361
vartan30.jpg 404,217,794,607
vartan31.jpg 29,53,134,158
vartan32.jpg 49,102,187,240
vartan33.jpg 153,97,326,270
vartan34.jpg 72,163,403,494
vartan35.jpg 151,18,336,203
vartan36.jpg 231,146,540,455
vartan37.jpg 83,146,350,413
vartan38.jpg 35,41,148,154
vartan39.jpg 552,223,1072,743
vartan40.jpg 70,121,271,322
vartan41.jpg 35,48,147,160
vartan42.jpg 126,257,500,631
vartan43.jpg 71,80,209,218
vartan44.jpg 24,67,157,200
vartan45.jpg 263,192,566,495
vartan46.jpg 270,107,392,229
vartan47.jpg 31,31,151,151
vartan48.jpg 58,61,182,185
vartan49.jpg 142,105,317,280
vartan50.jpg 23,41,129,147
vartan51.jpg 109,24,291,206
vartan52.jpg 424,127,712,415
vartan53.jpg 48,96,212,260
vartan54.jpg 11,28,118,135
vartan55.jpg 108,73,211,176
vartan56.jpg 78,27,261,210
vartan57.jpg 67,41,170,144
vartan58.jpg 67,86,229,248
vartan59.jpg 515,140,741,366
vartan60.jpg 60,95,240,275
vartan61.jpg 427,200,906,679
vartan62.jpg 29,36,144,151
vartan63.jpg 161,120,374,333
vartan64.jpg 814,139,1019,344
vartan65.jpg 230,278,499,547
vartan66.jpg 59,86,184,211
vartan67.jpg 229,69,359,199
vartan68.jpg 250,90,444,284
vartan69.jpg 330,156,444,270
vartan70.jpg 48,116,387,455
vartan71.jpg 123,111,237,225
vartan72.jpg 13,153,386,526
vartan73.jpg 134,75,252,193
vartan74.jpg 34,162,301,429
vartan75.jpg 193,118,405,330
vartan76.jpg 40,11,152,123
vartan77.jpg 272,406,607,741
vartan78.jpg 42,8,181,147
vartan79.jpg 114,225,514,625
vartan80.jpg 167,92,346,271
vartan81.jpg 312,138,607,433
vartan82.jpg 410,501,542,633
vartan83.jpg 199,68,374,243
vartan84.jpg 590,124,911,445
vartan85.jpg 26,169,254,397
vartan86.jpg 488,195,776,483
vartan87.jpg 335,170,625,460
vartan88.jpg 45,114,170,239
vartan89.jpg 244,120,374,250
vartan90.jpg 417,129,650,362
vartan91.jpg 126,63,281,218
vartan92.jpg 271,165,637,531
vartan93.jpg 390,104,676,390
vartan94.jpg 270,93,593,416
vartan95.jpg 99,28,207,136
vartan96.jpg 73,97,304,328
vartan97.jpg 164,185,451,472
vartan98.jpeg 294,135,479,320
vartan99.jpg 54,116,260,322
vartan100.jpg 299,155,499,355
vartan101.jpg 120,71,282,233
vartan102.jpg 146,57,249,160
vartan103.jpg 288,266,686,664
vartan104.jpg 198,66,398,266
vartan105.jpg 66,35,177,146
vartan106.jpg 112,59,229,176
vartan107.jpg 228,67,384,223
vartan108.jpg 547,205,829,487
vartan109.jpg 347,210,675,538
vartan110.jpg 122,164,335,377
vartan111.jpg 117,106,312,301
vartan112.jpg 92,102,219,229
vartan113.jpg 179,83,282,186
vartan114.jpg 153,81,355,283
vartan115.jpg 716,210,940,434
vartan116.jpg 143,125,292,274
vartan117.jpg 199,139,368,308
vartan118.jpg 293,71,443,221
vartan119.jpg 116,85,243,212
vartan120.jpg 480,96,655,271
vartan121.jpg 160,111,347,298
vartan122.jpg 197,169,434,406
vartan123.jpg 465,219,745,499
vartan124.jpg 103,37,219,153
vartan125.jpg 297,139,607,449
vartan126.jpg 80,135,290,345
vartan127.jpg 18,49,131,162
vartan128.jpg 39,49,191,201
vartan129.jpg 613,360,1009,756
vartan130.jpg 115,138,335,358
vartan131.jpg 327,69,459,201
vartan132.jpg 132,128,373,369
vartan133.jpg 2,62,138,198
vartan134.jpg 82,113,311,342
vartan135.jpg 582,232,1021,671
vartan136.jpg 37,47,148,158
vartan137.jpg 28,159,269,400
vartan138.jpg 156,102,272,218
